% -------------------------------------------------------------------
%  MATLAB file generated by Simulink.saveVars on 20-Sep-2012 12:48:31
%  MATLAB version: 8.1.0.165508 (R2013a)
% -------------------------------------------------------------------
                                           

Beta = 426.4352;

Gamma = 0.01;

Ka = 0.677;

Kf = -1.746;

Ki = -3.864;

Kq = 0.8156;

Md = -6.8847;

Mq = -0.6571;

Mw = -0.00592;

Sa = 0.005236;

Swg = 3;

Ta = 0.05;

Tal = 0.3959;

Ts = 0.1;

Uo = 689.4;

Vto = 690.4;

W1 = 2.971;

W2 = 4.144;

Wa = 10;

Zd = -63.9979;

Zw = -0.6385;

a = 2.5348;

b = 64.13;

cmdgain = 0.034909544727280771;

g = 32.2;

